8,1,11
8,8,1
8,8,11
8,16,1,11
8,16,1
2,1,17,7
17,1
8,2
8
1
8,15,5,20
8,1,15,16,1
8,1,11
1,17,5
3,11,17,13
2,1
2,8
2,8,8,1,5
1
1,17,5
2,1
2,8
2,8,8,1,5
2,27
2,20
2,1,28
1,16,20,20
2,27
2,20
2,1,28
1,16,20,20
2
1
29
28
11
16
18,1
8,8,1,5
11,17,10,2
11,15,2,5
11,17,10,2,5
8,1,11,20
8,8,1
22,8
2,8,16,1,11
8,1,17,28
17,11
2,5
2,1
17,5
17,1,6
8,16,1,27
5,20
17,1,6
1,17,20
6
2,1,17,20
17,7,16,20
20,20
30,15,1,17,28
8,1,27
20
5,20
16,1,5
16,1,16,20
16,1,20
17,1,16,11
17,8,1,27
2,28
16,1,11,20,17,5
16,1,11,20,17,20
16,1,11,5
17,8,1,5
17,8,27
17,8,20
22,17,1
17,8,16,1,11
17,20
2,1,17,5
8,1,6
2,8,16,1,11,5
2,8,16,1,28
8,16,1,5
17,1
1
1,5
5
16,1,28
17,1,17,5
2,1
17,8,1
2,1,17,28
3,15
2,11,5
2,8,1,5
2,17,28
8,8,11
7,16,20
17,1,5
17,5,20
2,1,16,11
1,16,11,17,26
1,16,11
1,17,5
2,8,16,1,5
2,8,16,1
17,1,20,20
17,1,20,17,20
8,1
17,8,1
2,5,20
15,2,1,17,5
2,1,11
8,8,16,1,5
8,1,20
18,8,16,1
8,1,17,5
18,1,5
16,1
28
13
7
27
20
18,22
26
31
6,2,8,1
16,2,11,15,7
16,2,11,17,1
16,2,11,16,1,7
2,1
2,17,5
16,2,1,5
8,1,5
2,8
2,20
2,1,5
2,13
1,17,5
15,2,17,5
8,1,20,17,20
17,1,17,5
8,16,1,20
2,8,16,1,11,5
2,8,16,1,28
8,16,1,5,20
1,20
16,1,28
1,17,26
8,1,5
17,8,13,5
15,2,20
8,1,20,17,20
8,17,1,20
8,1,5
15,1
1,5
1,17,20
8,16,1,11,20,17,20
7,16,20
1,5
8,5
16,1
16,1,28
8,1,6
8,16,1,5
8,1,17,28
1,17,15
2,11,16,1
1,11,17,1
8,16,1
8,16,1,11
2,1,20
15,2,20
16,1
8,1 
18,11,1
18,11
17,26
1,16,11
1,17,11
17,13,20
8,16,1,11,20,17,20
20
16,22
17,1,20
2,11
18,1
18,12
2,8,1
18,8
18,8,1
12
8,11
8,11,1
2,8,11
2,8,11,1
16,2,12
16,2,8
17,1,8
16,2,1,8
17,1,8,1
16,21,11,1
16,2,11
17,8,11
16,2,8,11
2,17,7
1,7
17,8,11,1
16,2,8,11,1
8,1,17,7
2,7
11,16,20
11,1,16,20
18,13,7
18,8,16,1
2,1,16,11
17,1,20,11
8,2,20
8,1,13,20
8,1,13,7
8,1,7
8,1,1
11,15,2,7
2,17,7
2,1,17,11
11,17,20
8
8,16,1
18,8,16,1,11
8,8,10,26
16,2,1
11,16,1,7
2,11,16,1,7
11,17,1
17,12
2,12
2,17,11
17,16,1,16,20
11
10,8
2,10,8
17,8
15,2,8
17,8,1
16,2,8,1
1,8
15,2,1,8
1,8,1
2,17,1,8,1
2,1,16,11
17,11
17,2
17,13,20
15,1
16,2
17,16,1
8,16,1,5
21
16,26
18,8,16,1
17,8,16,1
18,16,1
13,20
5
19
6
3
8,1,6
12,5
9
4
8,1,1
6,5
6,1
3,6
3,1,6
3,1
1,6
16,22
17,22
18,22
22
22,26
21